0 1
0 2
0 4
0 5
0 6
0 12
0 17
0 43
0 58
0 59
0 60
0 61
0 64
0 68
0 69
0 75
0 77
0 78
0 22
0 24
0 25
0 40
0 41
0 48
0 54
0 55
0 56
1 5
1 9
1 11
1 16
1 29
1 43
1 60
1 62
1 63
1 66
1 67
1 70
1 71
1 72
1 74
1 75
1 76
1 77
1 78
1 83
1 85
1 2
1 3
1 4
1 20
1 26
1 38
1 56
1 59
2 3
2 4
2 5
2 6
2 8
2 10
2 11
2 12
2 13
2 15
2 18
2 28
2 43
2 47
2 62
2 64
2 71
2 74
2 76
2 77
2 86
2 19
2 27
2 32
2 35
2 36
2 37
2 38
2 42
2 51
2 55
2 57
2 59
3 5
3 7
3 8
3 11
3 29
3 43
3 58
3 61
3 64
3 66
3 68
3 69
3 73
3 76
3 77
3 78
3 4
3 6
3 12
3 20
3 22
3 23
3 24
3 26
3 37
3 55
4 5
4 6
4 7
4 9
4 10
4 12
4 13
4 14
4 17
4 28
4 31
4 43
4 61
4 63
4 65
4 68
4 69
4 70
4 71
4 77
4 78
4 19
4 20
4 21
4 22
4 23
4 33
4 34
4 37
4 44
4 45
4 46
4 48
4 54
4 55
4 57
4 59
5 28
5 43
5 65
5 70
5 74
5 75
5 77
5 78
5 100
5 6
5 7
5 11
5 13
5 15
5 16
5 20
5 24
5 25
5 26
5 27
5 35
5 37
5 67
6 7
6 8
6 9
6 10
6 11
6 14
6 15
6 16
6 18
6 26
6 29
6 43
6 47
6 52
6 58
6 62
6 64
6 66
6 76
6 77
6 78
6 12
6 20
6 21
6 22
6 23
6 24
6 27
6 31
6 33
6 36
6 38
6 44
6 49
6 55
6 56
6 59
7 8
7 9
7 10
7 17
7 43
7 58
7 74
7 77
7 78
7 12
7 13
7 15
7 16
7 19
7 24
7 25
7 27
7 29
7 33
7 35
7 38
7 39
7 46
7 47
7 52
7 56
7 59
7 61
7 66
8 9
8 10
8 28
8 43
8 62
8 68
8 70
8 75
8 76
8 77
8 78
8 88
8 11
8 12
8 13
8 14
8 15
8 26
8 31
8 34
8 37
8 38
8 39
8 40
8 41
8 42
8 47
8 50
8 55
8 56
8 57
8 59
8 67
9 10
9 17
9 18
9 43
9 62
9 63
9 70
9 71
9 72
9 74
9 77
9 78
9 11
9 14
9 16
9 19
9 24
9 26
9 27
9 30
9 31
9 39
9 47
9 48
9 66
9 92
10 18
10 43
10 58
10 63
10 65
10 73
10 75
10 77
10 78
10 11
10 12
10 14
10 15
10 17
10 28
10 33
10 34
10 38
10 41
10 44
10 46
11 13
11 14
11 15
11 43
11 60
11 61
11 64
11 69
11 70
11 74
11 76
11 77
11 78
11 12
11 20
11 27
11 29
11 32
11 33
11 34
11 36
11 39
11 42
11 44
11 45
11 46
11 50
11 59
12 13
12 14
12 16
12 18
12 28
12 31
12 43
12 58
12 60
12 61
12 64
12 67
12 71
12 77
12 78
12 87
12 23
12 25
12 27
12 32
12 33
12 37
12 38
12 39
12 45
12 50
12 53
12 59
13 14
13 15
13 16
13 17
13 18
13 43
13 60
13 61
13 64
13 66
13 69
13 74
13 77
13 81
13 24
13 31
13 32
13 38
13 41
13 46
13 50
13 53
13 57
13 59
14 16
14 17
14 28
14 43
14 47
14 68
14 71
14 72
14 74
14 76
14 77
14 78
14 94
14 98
14 15
14 20
14 21
14 24
14 29
14 31
14 33
14 40
14 46
14 51
14 57
14 60
14 66
14 69
14 81
15 17
15 28
15 43
15 47
15 63
15 70
15 73
15 74
15 76
15 77
15 78
15 22
15 23
15 31
15 33
15 38
15 39
15 41
15 45
15 46
15 50
15 53
15 59
15 60
15 67
15 69
15 79
16 17
16 18
16 43
16 58
16 62
16 71
16 74
16 75
16 77
16 78
16 21
16 22
16 24
16 29
16 34
16 39
16 40
16 41
16 46
16 47
16 48
16 52
16 53
16 59
16 60
16 61
16 64
16 66
16 69
17 43
17 70
17 71
17 77
17 78
17 93
17 20
17 23
17 24
17 27
17 31
17 39
17 41
17 45
17 46
17 48
17 53
17 67
18 43
18 62
18 19
18 24
18 25
18 27
18 32
18 35
18 38
18 39
18 40
18 41
18 48
18 51
18 59
18 61
18 69
18 73
18 75
18 77
18 78
18 85
18 95
18 102
19 20
19 21
19 22
19 25
19 29
19 30
19 31
19 43
19 48
19 54
19 62
19 69
19 70
19 71
19 74
19 75
19 77
19 78
19 34
19 53
20 22
20 23
20 28
20 43
20 48
20 49
20 50
20 51
20 56
20 60
20 61
20 63
20 70
20 71
20 73
20 74
20 77
20 78
20 96
20 101
20 21
21 22
21 23
21 24
21 26
21 28
21 29
21 43
21 48
21 50
21 55
21 56
21 57
21 63
21 66
21 68
21 70
21 72
21 74
21 77
21 78
21 33
21 37
21 39
21 46
22 23
22 24
22 26
22 27
22 28
22 29
22 30
22 43
22 56
22 59
22 64
22 75
22 76
22 77
22 78
22 32
22 34
22 36
22 39
22 45
23 24
23 25
23 27
23 28
23 29
23 43
23 49
23 59
23 60
23 61
23 63
23 68
23 70
23 74
23 75
23 77
23 78
23 36
23 37
23 40
23 45
24 28
24 29
24 30
24 31
24 43
24 58
24 59
24 60
24 65
24 68
24 69
24 74
24 75
24 77
24 78
24 25
24 33
24 34
24 36
24 45
24 53
24 56
24 57
25 26
25 27
25 28
25 29
25 30
25 31
25 43
25 60
25 61
25 64
25 65
25 73
25 77
25 78
25 33
25 40
25 50
25 51
25 53
25 54
26 29
26 30
26 43
26 61
26 63
26 67
26 71
26 74
26 77
26 78
26 27
26 51
26 53
26 54
26 59
27 29
27 31
27 43
27 47
27 61
27 62
27 64
27 68
27 71
27 77
27 78
27 94
27 34
27 41
27 46
27 54
27 56
27 59
28 43
28 70
28 77
28 78
28 88
28 95
28 29
28 31
28 32
28 38
28 52
28 59
28 61
29 30
29 43
29 60
29 63
29 66
29 69
29 71
29 72
29 74
29 77
29 78
29 31
29 34
29 35
29 45
29 51
29 54
30 43
30 58
30 61
30 63
30 66
30 69
30 70
30 74
30 75
30 76
30 77
30 78
30 79
30 91
30 31
30 32
30 35
30 40
30 46
30 49
30 57
30 59
31 43
31 60
31 61
31 65
31 68
31 70
31 72
31 76
31 77
31 78
31 82
31 86
31 95
31 34
31 35
31 50
31 53
31 59
32 33
32 43
32 46
32 48
32 54
32 55
32 56
32 59
32 62
32 70
32 74
32 77
32 78
32 37
32 38
32 53
33 34
33 43
33 50
33 51
33 55
33 57
33 58
33 59
33 60
33 66
33 68
33 74
33 75
33 77
33 78
33 38
33 39
33 40
33 42
33 45
34 43
34 59
34 60
34 63
34 70
34 71
34 72
34 77
34 78
34 95
34 35
34 36
34 37
34 39
34 42
34 45
34 46
35 36
35 41
35 42
35 43
35 44
35 55
35 60
35 62
35 64
35 65
35 67
35 70
35 74
35 75
35 77
35 78
35 40
36 37
36 38
36 41
36 42
36 43
36 44
36 45
36 48
36 53
36 57
36 65
36 69
36 77
36 78
36 39
37 42
37 43
37 47
37 56
37 59
37 60
37 64
37 65
37 66
37 67
37 70
37 71
37 74
37 77
37 78
37 79
37 38
38 42
38 43
38 45
38 46
38 47
38 56
38 57
38 63
38 65
38 66
38 69
38 70
38 75
38 77
38 78
38 39
38 44
39 40
39 41
39 43
39 45
39 46
39 48
39 52
39 53
39 56
39 61
39 63
39 70
39 71
39 74
39 77
39 78
40 41
40 43
40 45
40 46
40 52
40 59
40 62
40 68
40 70
40 71
40 74
40 77
40 78
41 42
41 43
41 44
41 45
41 46
41 48
41 59
41 63
41 65
41 69
41 74
41 75
41 76
41 77
41 78
42 43
42 56
42 58
42 59
42 60
42 61
42 63
42 67
42 70
42 71
42 74
42 77
42 78
42 44
42 45
42 46
43 44
43 45
43 46
43 47
43 48
43 49
43 50
43 51
43 52
43 53
43 54
43 55
43 56
43 57
43 58
43 59
43 60
43 61
43 62
43 63
43 64
43 65
43 66
43 67
43 68
43 69
43 70
43 71
43 72
43 73
43 74
43 75
43 76
43 77
43 78
44 45
44 46
44 63
44 70
44 74
44 77
44 78
45 48
45 56
45 63
45 66
45 69
45 74
45 77
45 78
45 100
45 46
46 47
46 49
46 52
46 55
46 57
46 58
46 59
46 60
46 61
46 62
46 64
46 65
46 68
46 70
46 71
46 72
46 73
46 74
46 77
46 78
46 84
46 86
46 53
47 58
47 63
47 70
47 71
47 72
47 74
47 76
47 77
47 78
47 98
47 49
47 50
47 53
47 54
47 56
47 59
47 61
47 69
48 49
48 50
48 51
48 56
48 57
48 59
48 64
48 65
48 66
48 69
48 70
48 71
48 75
48 77
48 78
48 86
48 53
48 54
49 50
49 51
49 52
49 55
49 57
49 58
49 59
49 60
49 66
49 70
49 71
49 72
49 74
49 77
49 78
49 53
49 54
50 51
50 52
50 55
50 56
50 61
50 63
50 68
50 69
50 70
50 72
50 75
50 76
50 77
50 78
50 82
50 53
50 54
51 52
51 65
51 68
51 70
51 71
51 77
51 78
51 83
51 92
51 53
51 54
51 55
52 60
52 63
52 67
52 69
52 74
52 76
52 77
52 78
52 54
52 55
52 57
53 54
53 57
53 59
53 60
53 61
53 63
53 64
53 65
53 70
53 71
53 74
53 77
53 78
54 55
54 56
54 57
54 59
54 60
54 62
54 67
54 70
54 71
54 73
54 74
54 77
54 78
55 59
55 60
55 66
55 70
55 71
55 74
55 75
55 77
55 78
55 57
56 57
56 70
56 71
56 72
56 74
56 77
56 78
57 59
57 63
57 70
57 71
57 74
57 75
57 76
57 77
57 78
57 82
57 86
57 87
57 95
58 65
58 68
58 71
58 72
58 73
58 77
58 78
58 102
58 59
58 61
58 63
58 69
58 82
59 60
59 62
59 64
59 69
59 70
59 71
59 72
59 74
59 77
59 78
59 80
59 92
59 99
60 61
60 64
60 65
60 67
60 74
60 77
60 78
60 80
60 96
60 69
61 62
61 63
61 64
61 68
61 70
61 72
61 74
61 75
61 77
61 78
61 66
61 92
62 65
62 63
62 69
62 70
62 73
62 74
62 75
62 102
63 65
63 70
63 72
63 74
63 75
63 76
63 77
63 78
63 90
63 64
63 66
64 65
64 67
64 68
64 70
64 71
64 77
64 78
64 66
64 80
65 66
65 68
65 69
65 71
65 74
65 76
65 77
65 78
65 87
65 95
66 67
66 69
66 70
66 71
66 77
66 78
67 74
67 75
67 77
67 78
68 77
68 78
68 69
68 70
68 71
68 72
68 75
68 76
68 79
69 71
69 73
69 74
69 75
69 76
69 77
69 78
69 79
69 82
70 71
70 77
70 78
70 83
70 74
70 75
70 76
70 98
71 77
71 78
71 75
71 76
72 73
72 75
72 76
72 77
72 78
72 74
73 75
73 77
73 78
73 74
74 75
74 78
75 76
75 78
75 86
75 89
76 77
76 78
77 78
78 83
78 87
78 86
78 90
78 95
78 98
79 81
79 82
79 83
79 88
79 89
79 91
79 93
79 94
79 98
79 99
79 100
79 101
79 102
79 80
79 96
79 97
80 82
80 84
80 85
80 89
80 91
80 92
80 93
80 94
80 96
80 97
80 99
80 102
81 87
81 91
81 92
81 94
81 95
81 98
81 100
81 101
81 102
81 85
82 83
82 86
82 87
82 91
82 93
82 94
82 95
82 98
82 99
82 102
82 92
83 87
83 88
83 91
83 101
83 102
83 84
83 94
83 95
83 96
83 97
83 98
84 89
84 91
84 95
84 99
84 102
84 85
84 96
85 87
85 89
85 91
85 92
85 94
85 95
85 99
85 100
85 101
85 102
85 96
86 87
86 88
86 91
86 93
86 101
86 102
86 90
86 92
86 94
86 95
86 97
86 98
87 88
87 91
87 93
87 102
87 92
87 95
87 96
88 91
88 93
88 99
88 102
88 94
88 95
88 97
88 98
89 90
89 93
89 99
89 102
89 94
89 95
89 96
89 100
90 91
90 99
90 101
90 102
90 94
90 95
90 96
91 93
91 99
91 102
91 94
91 95
91 96
91 97
91 98
91 100
91 101
92 93
92 94
92 95
92 99
92 101
92 102
92 96
92 97
93 99
93 102
93 94
93 95
93 96
93 98
93 100
93 101
94 98
94 99
94 100
94 102
94 96
95 98
95 101
95 102
95 96
95 97
96 97
96 98
96 99
96 101
96 102
97 99
97 101
97 102
98 99
98 101
98 102
98 100
99 102
99 101
100 101
100 102
101 102
